((("index" .
   [0 0 1 0 0])
  ("e" .
   [1])
  ("else" .
   [1 0 0 0])
  ("RUBY_VERSION" .
   [1 0 0 0 0 0 0 0 0 0 0 0])
  ("trend" .
   [4 0 0 0 0])
  ("load" .
   [1 0 0 0])
  ("open" .
   [2 0 0 0])
  ("slice" .
   [1 0 0 0 0])
  ("line" .
   [2 0 0 0])
  ("require" .
   [1 0 0 0 0 0 0])
  ("nil" .
   [2 0 0])
  ("false" .
   [1 0 0 0 0])
  ("f" .
   [1])
  ("force_encoding" .
   [0 0 0 0 0 0 0 0 1 0 0 0 0 0])
  ("full" .
   [1 0 0 0])
  ("txt" .
   [2 0 0])
  ("report" .
   [1 0 0 0 0 0])
  ("for" .
   [1 0 0])
  ("in" .
   [1 0])
  ("match" .
   [1 0 0 0 0])
  ("suspend-emacs" .
   [0 0 0 0 0 0 0 1 0 0 0 0 0])
  ("def" .
   [1 0 4])
  ("end" .
   [1 0 0])
  ("class" .
   [0 0 1 0 0])))
